/* ========== Full Raw Capacitance ========== */
/*	001, 002, 003, 004, 005, 006, 007, 008, 009, 010, 011, 012, 013, 014, 015, 016, 017, 018, 019, 020, 021, 022, 023, 024, 025, 026, 027, 028, 029, 030, 031, 032, 033, 034 */
FULL_RAWDATA_LOWER = {
	442, 532, 540, 542, 542, 545, 548, 548, 550, 551, 555, 556, 559, 561, 560, 562, 581, 604, 600, 603, 597, 603, 603, 606, 605, 609, 611, 610, 611, 617, 620, 626, 637, 561,
	558, 596, 603, 605, 607, 610, 612, 612, 615, 617, 620, 620, 624, 626, 627, 629, 631, 646, 647, 651, 646, 654, 656, 659, 660, 664, 685, 669, 671, 676, 681, 686, 693, 644,
	563, 599, 606, 607, 610, 613, 615, 615, 617, 619, 623, 623, 626, 628, 630, 632, 633, 647, 647, 652, 647, 654, 656, 659, 661, 681, 668, 668, 671, 676, 680, 683, 689, 636,
	565, 603, 609, 611, 613, 616, 618, 618, 620, 622, 626, 626, 629, 631, 632, 635, 636, 647, 648, 670, 648, 655, 657, 660, 661, 664, 668, 668, 671, 675, 679, 682, 686, 630,
	567, 606, 612, 614, 616, 619, 621, 621, 623, 625, 629, 628, 632, 634, 635, 637, 639, 649, 650, 654, 649, 673, 658, 660, 662, 665, 669, 669, 671, 675, 679, 681, 685, 626,
	500, 610, 616, 617, 619, 622, 625, 625, 627, 628, 632, 632, 635, 637, 638, 640, 642, 653, 670, 657, 651, 658, 660, 662, 663, 666, 670, 669, 671, 675, 679, 681, 684, 623,
	  0, 617, 624, 626, 627, 630, 632, 632, 634, 635, 639, 638, 642, 644, 645, 647, 648, 653, 654, 659, 654, 662, 664, 667, 668, 671, 675, 675, 676, 679, 681, 683, 685, 621,
	  0, 602, 626, 628, 630, 633, 635, 635, 636, 638, 642, 641, 644, 646, 647, 649, 651, 654, 654, 659, 653, 660, 661, 680, 664, 667, 670, 670, 672, 677, 680, 684, 687, 622,
	  0, 604, 629, 631, 632, 635, 637, 637, 639, 640, 644, 643, 646, 666, 650, 652, 653, 655, 655, 659, 654, 660, 661, 663, 665, 667, 670, 670, 671, 675, 678, 680, 681, 614,
	  0, 604, 646, 631, 633, 635, 637, 637, 639, 641, 644, 644, 647, 651, 653, 657, 661, 653, 654, 658, 653, 659, 660, 663, 664, 666, 670, 669, 671, 674, 677, 679, 681, 614,
	  0, 605, 629, 632, 634, 638, 641, 641, 644, 645, 649, 648, 668, 653, 654, 656, 658, 651, 652, 656, 651, 657, 659, 661, 662, 665, 668, 668, 669, 673, 676, 678, 680, 615,
	508, 622, 627, 645, 629, 632, 634, 634, 636, 638, 641, 641, 644, 647, 648, 651, 655, 646, 647, 651, 646, 653, 655, 657, 659, 662, 665, 665, 667, 671, 674, 676, 678, 616,
	574, 618, 624, 625, 627, 630, 632, 632, 634, 636, 640, 657, 643, 646, 648, 651, 656, 643, 644, 649, 644, 651, 653, 655, 657, 660, 664, 664, 666, 670, 673, 675, 678, 617,
	589, 618, 624, 625, 627, 630, 632, 632, 634, 636, 640, 640, 644, 647, 649, 652, 659, 641, 642, 647, 642, 649, 651, 654, 655, 659, 663, 662, 664, 669, 672, 674, 677, 617,
	573, 617, 623, 625, 626, 629, 632, 632, 634, 636, 640, 640, 644, 648, 650, 655, 664, 639, 640, 645, 657, 647, 650, 652, 654, 657, 661, 661, 664, 668, 671, 673, 676, 616,
	570, 618, 624, 625, 627, 630, 632, 632, 634, 637, 641, 641, 646, 649, 653, 660, 676, 653, 638, 643, 638, 645, 648, 650, 652, 655, 660, 660, 662, 666, 669, 671, 675, 614,
	498, 585, 591, 591, 592, 594, 596, 595, 597, 598, 602, 603, 607, 611, 618, 630, 671, 569, 570, 575, 570, 577, 579, 582, 583, 586, 590, 590, 592, 611, 598, 600, 603, 505,
}

/*	0001, 0002, 0003, 0004, 0005, 0006, 0007, 0008, 0009, 0010, 0011, 0012, 0013, 0014, 0015, 0016, 0017, 0018, 0019, 0020, 0021, 0022, 0023, 0024, 0025, 0026, 0027, 0028, 0029, 0030, 0031, 0032, 0033, 0034 */
FULL_RAWDATA_UPPER = {
	 918, 1105, 1122, 1126, 1126, 1133, 1137, 1138, 1142, 1144, 1152, 1154, 1161, 1164, 1164, 1168, 1206, 1255, 1246, 1253, 1240, 1252, 1253, 1258, 1256, 1264, 1270, 1267, 1269, 1282, 1288, 1300, 1322, 1165,
	1158, 1108, 1120, 1123, 1127, 1133, 1137, 1137, 1141, 1145, 1152, 1151, 1158, 1162, 1165, 1169, 1171, 1200, 1201, 1210, 1201, 1214, 1218, 1224, 1227, 1233, 1272, 1242, 1246, 1256, 1265, 1274, 1288, 1338,
	1169, 1113, 1125, 1128, 1132, 1138, 1142, 1142, 1147, 1150, 1157, 1156, 1163, 1167, 1170, 1174, 1176, 1201, 1202, 1211, 1202, 1215, 1219, 1224, 1227, 1265, 1241, 1241, 1246, 1255, 1262, 1269, 1279, 1321,
	1174, 1119, 1131, 1134, 1138, 1144, 1148, 1148, 1152, 1156, 1163, 1162, 1168, 1172, 1175, 1179, 1182, 1202, 1204, 1244, 1203, 1216, 1220, 1225, 1228, 1234, 1241, 1241, 1245, 1254, 1261, 1266, 1274, 1309,
	1177, 1125, 1137, 1140, 1143, 1149, 1154, 1153, 1157, 1161, 1168, 1167, 1173, 1177, 1180, 1184, 1187, 1205, 1206, 1215, 1205, 1250, 1222, 1227, 1229, 1235, 1242, 1242, 1245, 1254, 1260, 1265, 1272, 1300,
	1038, 1132, 1144, 1147, 1150, 1156, 1160, 1160, 1164, 1167, 1174, 1173, 1179, 1183, 1186, 1189, 1192, 1213, 1244, 1220, 1210, 1222, 1225, 1229, 1232, 1237, 1244, 1243, 1247, 1254, 1261, 1265, 1271, 1293,
	   0, 1146, 1158, 1162, 1165, 1171, 1174, 1174, 1177, 1180, 1187, 1185, 1192, 1195, 1198, 1201, 1204, 1213, 1215, 1224, 1215, 1229, 1233, 1238, 1241, 1247, 1254, 1253, 1255, 1261, 1266, 1268, 1272, 1289,
	   0, 1117, 1163, 1167, 1170, 1175, 1179, 1178, 1182, 1185, 1192, 1191, 1196, 1200, 1202, 1206, 1209, 1214, 1215, 1223, 1213, 1225, 1227, 1263, 1234, 1238, 1245, 1245, 1248, 1256, 1264, 1270, 1276, 1292,
	   0, 1122, 1168, 1172, 1175, 1180, 1183, 1183, 1187, 1189, 1196, 1195, 1200, 1236, 1206, 1210, 1213, 1216, 1217, 1224, 1214, 1226, 1228, 1232, 1234, 1239, 1245, 1244, 1247, 1254, 1259, 1263, 1265, 1276,
	   0, 1123, 1200, 1172, 1175, 1180, 1184, 1183, 1187, 1190, 1197, 1196, 1202, 1208, 1213, 1220, 1227, 1213, 1215, 1222, 1212, 1224, 1227, 1231, 1233, 1238, 1244, 1243, 1246, 1253, 1258, 1261, 1264, 1276,
	   0, 1124, 1168, 1173, 1178, 1184, 1190, 1191, 1195, 1199, 1206, 1204, 1241, 1213, 1214, 1218, 1223, 1210, 1211, 1218, 1208, 1220, 1223, 1227, 1230, 1235, 1241, 1240, 1243, 1250, 1256, 1259, 1263, 1277,
	1055, 1155, 1165, 1198, 1169, 1174, 1177, 1177, 1181, 1184, 1191, 1190, 1196, 1201, 1204, 1209, 1216, 1199, 1201, 1210, 1200, 1213, 1216, 1221, 1223, 1229, 1236, 1235, 1239, 1246, 1252, 1256, 1260, 1279,
	1191, 1148, 1159, 1161, 1164, 1170, 1174, 1174, 1178, 1182, 1189, 1220, 1195, 1200, 1203, 1209, 1218, 1194, 1196, 1205, 1196, 1209, 1212, 1217, 1220, 1226, 1233, 1233, 1236, 1244, 1250, 1254, 1258, 1281,
	1224, 1147, 1158, 1161, 1164, 1169, 1174, 1173, 1178, 1182, 1189, 1189, 1196, 1201, 1205, 1212, 1224, 1190, 1192, 1201, 1192, 1205, 1209, 1214, 1217, 1223, 1230, 1230, 1234, 1242, 1248, 1251, 1256, 1281,
	1190, 1146, 1157, 1160, 1163, 1169, 1173, 1173, 1178, 1182, 1189, 1189, 1197, 1203, 1208, 1216, 1234, 1186, 1189, 1198, 1220, 1202, 1207, 1211, 1215, 1221, 1228, 1228, 1232, 1240, 1246, 1250, 1255, 1280,
	1184, 1147, 1158, 1161, 1164, 1170, 1174, 1174, 1178, 1182, 1190, 1191, 1199, 1206, 1213, 1226, 1256, 1213, 1185, 1194, 1185, 1198, 1203, 1208, 1211, 1217, 1225, 1225, 1229, 1237, 1243, 1247, 1253, 1275,
	1033, 1214, 1227, 1228, 1229, 1234, 1237, 1235, 1239, 1243, 1251, 1252, 1260, 1270, 1283, 1308, 1394, 1181, 1184, 1194, 1184, 1198, 1203, 1208, 1212, 1218, 1225, 1225, 1229, 1270, 1243, 1246, 1252, 1049,
}
/* ============================== */


/* ========== LPWG Full Raw Capacitance ========== */
/*	001, 002, 003, 004, 005, 006, 007, 008, 009, 010, 011, 012, 013, 014, 015, 016, 017, 018, 019, 020, 021, 022, 023, 024, 025, 026, 027, 028, 029, 030, 031, 032, 033, 034 */
LPWG_FULL_RAWDATA_LOWER = {
	437, 529, 535, 540, 539, 544, 545, 545, 545, 550, 554, 553, 556, 555, 559, 559, 578, 600, 597, 599, 591, 598, 601, 600, 601, 601, 604, 606, 609, 610, 615, 621, 633, 555,
	554, 595, 599, 604, 603, 608, 610, 609, 610, 615, 619, 617, 621, 620, 624, 625, 627, 643, 645, 648, 642, 650, 655, 654, 656, 658, 678, 664, 669, 670, 675, 681, 689, 638,
	559, 599, 602, 608, 607, 612, 614, 613, 614, 619, 622, 621, 625, 623, 628, 628, 630, 644, 646, 649, 643, 651, 655, 655, 657, 675, 663, 665, 669, 670, 674, 679, 685, 630,
	561, 601, 605, 611, 610, 615, 617, 616, 617, 621, 625, 623, 627, 626, 630, 630, 633, 645, 647, 666, 643, 651, 656, 656, 657, 658, 663, 664, 669, 670, 673, 677, 682, 624,
	562, 604, 608, 614, 612, 618, 619, 619, 620, 624, 628, 626, 630, 628, 632, 633, 635, 646, 647, 650, 644, 669, 657, 656, 658, 659, 663, 665, 669, 669, 673, 676, 680, 619,
	495, 608, 611, 617, 616, 621, 623, 622, 622, 627, 631, 629, 632, 631, 635, 635, 638, 650, 667, 653, 646, 654, 658, 658, 659, 660, 664, 665, 669, 669, 673, 676, 679, 616,
	  0, 615, 619, 625, 624, 629, 630, 629, 630, 634, 637, 635, 638, 637, 641, 641, 643, 649, 651, 654, 649, 657, 662, 662, 664, 665, 669, 670, 674, 673, 675, 677, 679, 615,
	  0, 600, 621, 627, 626, 631, 633, 631, 632, 636, 639, 638, 640, 639, 643, 643, 645, 649, 651, 654, 647, 655, 659, 675, 660, 660, 664, 666, 669, 670, 674, 678, 682, 617,
	  0, 603, 623, 630, 628, 633, 635, 633, 634, 638, 641, 639, 642, 657, 645, 645, 647, 649, 651, 654, 648, 656, 659, 659, 660, 660, 664, 665, 668, 668, 670, 673, 675, 609,
	  0, 602, 640, 630, 628, 633, 635, 633, 634, 638, 642, 640, 644, 642, 648, 650, 655, 648, 650, 653, 646, 654, 658, 657, 659, 659, 663, 664, 667, 667, 670, 672, 675, 609,
	  0, 603, 623, 630, 629, 635, 637, 637, 638, 643, 646, 645, 664, 645, 649, 649, 652, 646, 648, 651, 644, 652, 656, 656, 657, 658, 662, 663, 666, 666, 669, 671, 674, 609,
	502, 619, 621, 643, 624, 629, 631, 629, 630, 634, 638, 636, 640, 639, 644, 644, 649, 641, 644, 647, 641, 649, 653, 653, 654, 655, 659, 661, 664, 664, 667, 670, 673, 608,
	568, 614, 618, 623, 622, 626, 629, 628, 629, 633, 637, 653, 639, 639, 643, 645, 650, 638, 641, 644, 638, 646, 651, 650, 652, 653, 657, 659, 662, 663, 666, 669, 672, 609,
	583, 614, 617, 622, 621, 626, 628, 627, 628, 633, 636, 635, 639, 638, 643, 646, 653, 636, 639, 642, 636, 644, 649, 649, 651, 652, 656, 657, 661, 662, 665, 668, 671, 609,
	566, 613, 616, 621, 620, 625, 627, 626, 627, 632, 636, 635, 639, 639, 645, 648, 658, 634, 636, 640, 651, 642, 647, 647, 649, 650, 654, 656, 660, 660, 663, 667, 670, 608,
	562, 612, 616, 621, 619, 624, 626, 625, 627, 632, 636, 635, 640, 640, 647, 652, 669, 647, 633, 637, 631, 639, 644, 644, 646, 647, 651, 653, 657, 658, 661, 664, 668, 605,
	488, 578, 581, 586, 583, 587, 589, 587, 588, 592, 595, 595, 600, 601, 610, 621, 664, 563, 565, 568, 563, 571, 574, 574, 576, 577, 581, 583, 586, 602, 589, 593, 596, 497,
}

/*	0001, 0002, 0003, 0004, 0005, 0006, 0007, 0008, 0009, 0010, 0011, 0012, 0013, 0014, 0015, 0016, 0017, 0018, 0019, 0020, 0021, 0022, 0023, 0024, 0025, 0026, 0027, 0028, 0029, 0030, 0031, 0032, 0033, 0034 */
LPWG_FULL_RAWDATA_UPPER = {
	 908, 1099, 1111, 1121, 1119, 1129, 1133, 1131, 1133, 1142, 1151, 1148, 1155, 1152, 1160, 1162, 1200, 1247, 1240, 1244, 1228, 1241, 1248, 1246, 1247, 1248, 1255, 1258, 1265, 1267, 1276, 1291, 1314, 1153,
	1150, 1105, 1112, 1122, 1120, 1130, 1133, 1131, 1134, 1142, 1150, 1147, 1153, 1151, 1160, 1161, 1164, 1195, 1198, 1203, 1192, 1207, 1216, 1215, 1219, 1221, 1260, 1234, 1242, 1245, 1253, 1265, 1279, 1325,
	1162, 1112, 1119, 1129, 1127, 1136, 1141, 1138, 1140, 1149, 1156, 1153, 1160, 1157, 1166, 1166, 1171, 1196, 1200, 1205, 1195, 1209, 1217, 1217, 1220, 1254, 1231, 1235, 1242, 1245, 1251, 1261, 1272, 1308,
	1165, 1117, 1124, 1134, 1132, 1142, 1146, 1143, 1145, 1154, 1161, 1157, 1165, 1162, 1170, 1171, 1175, 1197, 1201, 1237, 1195, 1210, 1218, 1218, 1221, 1222, 1231, 1234, 1242, 1243, 1250, 1258, 1267, 1295,
	1168, 1122, 1130, 1140, 1137, 1147, 1150, 1149, 1151, 1159, 1166, 1163, 1169, 1166, 1175, 1175, 1179, 1199, 1202, 1208, 1197, 1242, 1219, 1219, 1222, 1224, 1232, 1235, 1242, 1243, 1249, 1255, 1263, 1286,
	1029, 1129, 1136, 1146, 1144, 1153, 1157, 1154, 1156, 1164, 1171, 1167, 1175, 1171, 1179, 1180, 1184, 1207, 1239, 1213, 1201, 1215, 1221, 1221, 1224, 1225, 1233, 1236, 1242, 1243, 1249, 1255, 1261, 1279,
	   0, 1143, 1149, 1161, 1158, 1167, 1171, 1168, 1169, 1177, 1184, 1180, 1185, 1182, 1191, 1190, 1194, 1205, 1209, 1215, 1205, 1221, 1230, 1230, 1233, 1235, 1243, 1245, 1251, 1250, 1254, 1258, 1262, 1278,
	   0, 1115, 1154, 1165, 1163, 1171, 1175, 1172, 1174, 1181, 1187, 1184, 1189, 1187, 1194, 1194, 1199, 1206, 1209, 1214, 1202, 1217, 1224, 1254, 1225, 1227, 1234, 1237, 1243, 1244, 1252, 1259, 1266, 1282,
	   0, 1119, 1158, 1169, 1166, 1175, 1179, 1175, 1177, 1185, 1190, 1187, 1193, 1221, 1198, 1197, 1201, 1206, 1210, 1215, 1203, 1217, 1224, 1223, 1225, 1226, 1233, 1235, 1241, 1241, 1245, 1250, 1254, 1265,
	   0, 1119, 1189, 1169, 1166, 1175, 1178, 1175, 1177, 1185, 1191, 1189, 1196, 1193, 1203, 1206, 1216, 1204, 1208, 1213, 1201, 1215, 1222, 1221, 1224, 1225, 1231, 1234, 1240, 1240, 1244, 1249, 1253, 1265,
	   0, 1120, 1158, 1170, 1169, 1179, 1184, 1183, 1185, 1194, 1200, 1197, 1233, 1198, 1205, 1205, 1211, 1200, 1204, 1209, 1197, 1212, 1219, 1218, 1221, 1222, 1229, 1231, 1237, 1238, 1242, 1247, 1252, 1264,
	1043, 1149, 1154, 1195, 1160, 1168, 1171, 1168, 1170, 1178, 1185, 1182, 1189, 1187, 1195, 1197, 1205, 1190, 1195, 1201, 1190, 1205, 1213, 1212, 1215, 1216, 1223, 1227, 1233, 1234, 1238, 1244, 1249, 1263,
	1179, 1141, 1147, 1158, 1154, 1163, 1167, 1165, 1168, 1176, 1183, 1212, 1187, 1186, 1195, 1197, 1207, 1185, 1191, 1197, 1185, 1200, 1208, 1208, 1211, 1213, 1221, 1224, 1230, 1231, 1236, 1242, 1248, 1265,
	1210, 1140, 1145, 1155, 1153, 1162, 1166, 1164, 1167, 1175, 1182, 1180, 1187, 1186, 1195, 1199, 1212, 1181, 1186, 1193, 1181, 1196, 1205, 1205, 1208, 1210, 1218, 1221, 1228, 1229, 1234, 1240, 1246, 1265,
	1175, 1138, 1144, 1154, 1152, 1161, 1165, 1163, 1165, 1174, 1181, 1179, 1187, 1187, 1198, 1203, 1222, 1177, 1182, 1189, 1208, 1193, 1201, 1202, 1205, 1207, 1215, 1218, 1225, 1226, 1231, 1238, 1244, 1264,
	1168, 1137, 1143, 1153, 1150, 1159, 1163, 1161, 1164, 1173, 1181, 1179, 1188, 1189, 1201, 1211, 1242, 1202, 1176, 1183, 1171, 1186, 1196, 1196, 1199, 1202, 1210, 1213, 1220, 1221, 1227, 1234, 1240, 1257,
	1014, 1201, 1208, 1216, 1211, 1219, 1222, 1220, 1222, 1230, 1237, 1236, 1245, 1249, 1267, 1290, 1380, 1169, 1174, 1180, 1169, 1185, 1193, 1193, 1196, 1198, 1206, 1210, 1217, 1250, 1223, 1232, 1239, 1032,
}
/* ============================== */


/* ========== Jitter ========== */
JITTER_LOWER = {
	-10,
}
JITTER_UPPER = {
	15,
}
LPWG_JITTER_LOWER = {
	-8,
}
LPWG_JITTER_UPPER = {
	13,
}
/* ================================= */


/* ========== Hybrid Abs Rawdata ========== */
HYBRID_ABS_RX_RAWDATA_LOWER = {
	27944, 32683, 32440, 32238, 32536, 33266, 33068, 32958, 33245, 33931, 33961, 33989, 34303, 34111, 34209, 34306, 35166, 40850, 39367, 38574, 38898, 38742, 37839, 38899, 37898, 37418, 37162, 37408, 37007, 36980, 36799, 36826, 36185, 36232,
}
HYBRID_ABS_RX_RAWDATA_UPPER = {
	51896, 60697, 60246, 59871, 60423, 61779, 61412, 61207, 61740, 63014, 63070, 63122, 63706, 63350, 63531, 63711, 65308, 75865, 73110, 71637, 72240, 71949, 70273, 72241, 70382, 69491, 69015, 69472, 68727, 68677, 68341, 68390, 67201, 67288,
}
HYBRID_ABS_TX_RAWDATA_LOWER = {
	57538, 56528, 56402, 56449, 56410, 56387, 55220, 55290, 54952, 54910, 54743, 55839, 55708, 56045, 56265, 55505, 55228,
}
HYBRID_ABS_TX_RAWDATA_UPPER = {
	106857, 104980, 104747, 104833, 104762, 104719, 102552, 102681, 102054, 101977, 101665, 103700, 103458, 104084, 104492, 103081, 102566,
}
/* ================================= */


/* ========== Trx short Limit ========== */
TRX_SHORT_LIMIT = {
	3, 0, 0, 0, 3, 0, 0, 0,
}
EXTENDED_TRX_SHORT_LIMIT = {
	200, 2000,
}
/* ================================= */


/* ========== High Resistance ========== */
HIGH_RESISTANCE_LOWER = {
	-400,
}
HIGH_RESISTANCE_UPPER = {
	400,
}
/* ================================= */